0.939147558696575
0.929591044192441
0.954121941318116
0.9341065430374
0.933565835530103
0.930645543357482
0.949863614745223
0.945593006298726
0.970226836591366
0.950546821170674
0.957753892008311
0.941115734384081
0.947337647298165
0.953795875141109
0.948427833516349
0.950546821170674
0.956872794845081
0.950786626650399
0.941353988362483
0.931737341909441
0.870351658920709
0.907727945104198
0.897832053929521
0.95405429093289
0.907663739217943
0.913251977664158
0.952770525195744
0.808901734947038
0.922972659082151
0.945339551637445
0.918267446808084
0.956182639111243
0.958522934738088
0.930645543357482
0.906511367201723
0.95405429093289
0.943138475200909
0.955558276696978
0.951613153574482
0.937241138476996
0.939157851976184
0.958692152945737
0.949064406443002
0.937587431767664
0.952926508297636
0.948431958923374
0.947202508166596
0.947337647298165
0.950546821170674
0.858052374692765
0.961770186107778
0.963084345156147
0.95405429093289
0.928573212143301
0.925729213706394
0.950546821170674
0.958876208924991
0.953189547753145
0.952322775519441
0.931751952094186
0.953829634828472
0.953318601856752
0.925658221891129
0.930645543357482
0.953880700768331
0.937558929479018
0.930645543357482
0.951848050194718
0.955340630244056
0.85524300652198
0.943893407213353
0.904816762678495
0.9586183848024
0.950786626650399
0.921333451535231
0.939001474471297
0.924776912666357
0.948431958923374
0.95405429093289
0.957583624577631
0.909276017788302
0.961345486660262
0.932812320704172
0.909272792985389
0.950505838016162
0.9341065430374
0.939382713133166
0.95405429093289
0.922217542654333
0.935981795620558
0.935299883570259
0.912970759142537
0.934801906063677
0.934121464838666
0.888216437830874
0.947495770160781
0.937286198782793
0.886358236812678
0.94482753520774
0.921937819231004
0.928404832582197
0.950668913357499
0.956994584680214
0.929540870500369
0.953795875141109
0.900247858785829
0.948427833516349
0.950822471720001
0.950493851145341
0.905899952779913
0.959472719997576
0.950834146888693
0.953795875141109
0.942592496890109
0.95405429093289
0.956920646966695
0.957714019510314
0.93888730775814
0.955499856975139
0.901757590034618
0.916248213340092
0.910229110006272
0.946500441244436
0.951613153574482
0.931773254759798
0.95432983503747
0.952926508297636
0.937558929479018
0.936862635643528
0.922689490859788
0.950493851145341
0.916248213340092
0.95831484540318
0.931737341909441
0.958413043727295
0.958522934738088
0.961294121959475
0.951844184196787
0.96603909358544
0.953795875141109
0.94052905251555
0.95405429093289
0.954339757795783
0.901619855644389
0.9380833770732
0.920334695697625
0.939988096303781
0.935299883570259
0.959375924920916
0.921022152835614
0.951888414654745
0.949863614745223
0.930645543357482
0.940903232360498
0.959471206167157
0.863254209505338
0.948431958923374
0.96187420872425
0.897519690508649
0.948427833516349
0.967414695820337
0.955318799484342
0.950786626650399
0.908162519439985
0.923650894326185
0.932907948458332
0.958584291122571
0.955558276696978
0.95405429093289
0.940083287328007
0.948431958923374
0.954555010587008
0.953829634828472
0.836856782882915
0.946987038318902
0.952393500743469
0.956469467230109
0.955656301790269
0.927400786565395
0.922553619378036
0.94212996657635
0.940164584743632
0.901958771281259
0.932812320704172
0.892951719421918
0.947337647298165
0.949185743746805
0.93560782945671
0.95763593124455
0.901995084475574
0.94694514958974
0.953829634828472
0.967414695820337
0.943287658839809
0.95021645505108
0.922116339649304
0.8542482708098
0.955558276696978
0.956872794845081
0.951848050194718
0.953795875141109
0.924114577752117
0.909424482367473
0.952619257432213
0.95624759952196
0.951982499601361
0.929372011237177
0.908284058234144
0.947337647298165
0.950546821170674
0.964230990809357
0.95405429093289
0.915308372226927
0.950786626650399
0.937558929479018
0.937587431767664
0.949283319826375
0.95405429093289
0.951577855475892
0.902414390786428
0.91938350687709
0.945711072689373
0.944789026372021
0.946987038318902
0.951613153574482
0.956872794845081
0.953046743855299
0.958288553430776
0.950786626650399
0.956698507277785
0.938818081168821
0.937033882693936
0.954862092307313
0.941229312526271
0.943789144921428
0.958556069618247
0.956718125327141
0.946784358877719
0.917360746963924
0.958319173931267
0.924655092172215
0.95405429093289
0.938069293168281
0.934801906063677
0.930314788103088
0.936361271522374
0.951848050194718
0.956952226542024
0.937867289037178
0.946987038318902
0.935299883570259
0.912338385670323
0.94482753520774
0.954339757795783
0.954795481617459
0.966709072125571
0.942095640850206
0.950786626650399
0.920737088374334
0.95147598916247
0.912970759142537
0.949164735392493
0.950786626650399
0.907800937230431
0.964731296452553
0.932765920155494
0.927400786565395
0.937241138476996
0.921095288154697
0.948546265834331
0.950546821170674
0.945987226365191
0.933445464361046
0.957546709334944
0.952393500743469
0.930645543357482
0.937357682731878
0.945698927121342
0.953189547753145
0.943186839288246
0.950786626650399
0.933133588376223
0.955558276696978
0.95405429093289
0.953795875141109
0.949297078913347
0.9510426303707
0.935833406437243
0.925113653282424
0.913591245452924
0.926073269294851
0.933930318960875
0.953829634828472
0.953944014952657
0.940121460455146
0.937343961921944
0.959798246348328
0.963943103276074
0.921547299879829
0.9510426303707
0.934801906063677
0.930241737618346
0.953366412140982
0.950786626650399
0.970381291647301
0.771188594329042
0.909918127324692
0.930241737618346
0.95914615830413
0.934614891870611
0.925152186116298
0.954155474212003
0.953795875141109
0.95914615830413
0.955656301790269
0.939231789094255
0.939195539208977
0.951653297211853
0.941158187419058
0.939948585293533
0.935299883570259
0.886564621173843
0.947869712321105
0.954555010587008
0.917516128762441
0.916924119192822
0.933709842005582
0.919854774573322
0.954644067540052
0.936097038131068
0.948469426087767
0.951391675801224
0.950493851145341
0.950786626650399
0.896660655865828
0.923970677542297
0.930645543357482
0.955069017057071
0.933600032802237
0.953795875141109
0.949069740203991
0.947463026256376
0.946987038318902
0.950493851145341
0.95405429093289
0.959075024538054
0.912394366380064
0.934801906063677
0.928404832582197
0.942500064503977
0.958319173931267
0.934973271448702
0.951577855475892
0.934989774565263
0.950493851145341
0.954057739676451
0.950786626650399
0.950786626650399
0.953795875141109
0.947495770160781
0.935549096772188
0.954791841021987
0.958522934738088
0.929700472376079
0.956872794845081
0.889948558956526
0.95405429093289
0.946987038318902
0.945987226365191
0.914851484250953
0.950786626650399
0.945531200696824
0.925895049089708
0.95021645505108
0.954922861365302
0.950786626650399
0.954565053099724
0.956872794845081
0.953650925860048
0.94882592726012
0.953795875141109
0.871262144234804
0.926073269294851
0.945199288813062
0.952426972644125
0.947337647298165
0.953829634828472
0.948431958923374
0.941224646620747
0.950786626650399
0.950786626650399
0.970381291647301
0.956887567483992
0.907727945104198
0.963938655613812
0.947202508166596
0.960031627496115
0.9531893637814
0.864678522169987
0.909424482367473
0.949565639420236
0.933758723327729
0.869988432548118
0.93411346919532
0.934266666972138
0.907800937230431
0.903455317254582
0.937109659932803
0.904841351256892
0.945459657025134
0.952463474632119
0.901505686296438
0.950786626650399
0.958413043727295
0.944909443224366
0.930645543357482
0.95405429093289
0.947495770160781
0.874600881057934
0.932736857795776
0.930527761350531
0.9380833770732
0.953795875141109
0.950786626650399
0.948431958923374
0.950594560931955
0.881503059394072
0.897732030499514
0.953795875141109
0.950142678405133
0.955447851701592
0.938101568560034
0.961345486660262
0.957178121836099
0.950943918490008
0.910782493326481
0.950822471720001
0.955107769222451
0.945339551637445
0.962310719481439
0.939062898749592
0.951848050194718
0.9576670096728
0.950786626650399
0.956994584680214
0.95405429093289
0.930741035052526
0.953897600012657
0.961078496355667
0.956994584680214
0.953795875141109
0.956256078909463
0.935773246945704
0.951573968888374
0.938226578561291
0.961345486660262
0.955956149034598
0.953829634828472
0.955558276696978
0.943206021618849
0.934892075373377
0.946987038318902
0.968012935178001
0.927055769775026
0.865426101750985
0.93565789310621
0.958288553430776
0.953795875141109
0.946758769173128
0.956936482588227
0.954061436544487
0.943287658839809
0.948431958923374
0.963084345156147
0.955558276696978
0.948427833516349
0.951577855475892
0.940550619576989
0.9459667205376
0.939932791461141
0.953795875141109
0.953795875141109
0.947151577334526
0.935299883570259
0.933203463023235
0.950546821170674
0.933085878106832
0.925895049089708
0.953795875141109
0.888830386435238
0.95099804114006
0.887943285820935
0.937192659342192
0.956256078909463
0.953795875141109
0.953848044795451
0.933948002343517
0.954791841021987
0.926181332806535
0.95405429093289
0.890447268120693
0.953795875141109
0.95763593124455
0.948181305017559
0.958522934738088
0.957687028612024
0.946987038318902
0.931950276477314
0.931400565778423
0.880315051677938
0.914444990707672
0.958288553430776
0.962884134199533
0.930645543357482
0.930645543357482
0.954339757795783
0.952287969133658
0.950786626650399
0.948431958923374
0.949537430896405
0.947495770160781
0.920968232798857
0.964777601706531
0.956876041590832
0.951573968888374
0.953829634828472
0.930645543357482
0.949185743746805
0.956406539913245
0.941109381134407
0.915557910114488
0.961881020601963
0.963615319785773
0.950786626650399
0.95405429093289
0.894119793042867
0.953189547753145
0.934614891870611
0.925456054590374
0.94482753520774
0.947108032695572
0.928013039792441
0.926181332806535
0.954369311100409
0.931786066282862
0.960385707357743
0.956872794845081
0.946987038318902
0.943581222353403
0.950786626650399
0.924011662814274
0.95405429093289
0.935596082872193
0.902762400588406
0.932251703095103
0.957526720166767
0.95405429093289
0.953829634828472
0.955593670238279
0.955558276696978
0.956994584680214
0.925895049089708
0.95021645505108
0.919116691883631
0.955558276696978
0.947448129035017
0.947478385593108
0.970948230707079
0.921547299879829
0.874777823991936
0.961618110094262
0.921022152835614
0.958288553430776
0.964650397721699
0.956872794845081
0.961078496355667
0.931176257106558
0.950822471720001
0.938911628482534
0.95405429093289
0.936081155876354
0.94739567680789
0.948197128639581
0.941140720693473
0.948181305017559
0.936184945327333
0.949863614745223
0.925658221891129
0.952403788565618
0.953829634828472
0.774190586899787
0.931521069295266
0.869768935876947
0.948431958923374
0.950786626650399
0.923732960493283
0.901958771281259
0.932110347839748
0.927351746465932
0.951774645073574
0.928942072073623
0.932110347839748
0.934801906063677
0.948431958923374
0.934801906063677
0.929540870500369
0.929540870500369
0.930844502418508
0.929859237551223
0.948427833516349
0.896147583647093
0.942975297749909
0.910126201001906
0.938458712214314
0.888830386435238
0.948469426087767
0.939595429422314
0.953795875141109
0.943287658839809
0.950821284572924
0.952464735910936
0.946216077579178
0.941352717525112
0.954795481617459
0.930645543357482
0.944865136767296
0.944789026372021
0.956960764901824
0.925658221891129
0.951848050194718
0.955862569533535
0.94212996657635
0.939530436401818
0.873156488530356
0.95021645505108
0.956994584680214
0.950668913357499
0.937116432074033
0.496721300768067
0.938106170241106
0.953189547753145
0.892320221674857
0.935809207593799
0.948469426087767
0.932717845141623
0.935346241531011
0.911083740150535
0.926295101133877
0.952645829132482
0.95021645505108
0.950493851145341
0.936139766044059
0.838440796494397
0.950786626650399
0.9020643784709
0.931780705000425
0.923659210728468
0.96046772517722
0.951981580908063
0.948323833944359
0.943581222353403
0.951728872046673
0.953795875141109
0.949519935157324
0.931786066282862
0.941983577037078
0.951562715052116
0.935006794674414
0.907388118884344
0.950786626650399
0.948234341508342
0.930645543357482
0.948224140940168
0.950594560931955
0.957166195673511
0.957499953147531
0.953795875141109
0.924605430434464
0.956936482588227
0.943287658839809
0.946729755640102
0.942742796483764
0.950493851145341
0.961881020601963
0.954795481617459
0.948431958923374
0.953795875141109
0.910975860987685
0.945711072689373
0.944238315193166
0.943893407213353
0.961078496355667
0.950786626650399
0.961188891151425
0.941229312526271
0.934568921101231
0.950894635708194
0.94702549666426
0.944681923290522
0.968043690296384
0.941937007367423
0.95190574313247
0.925658221891129
0.93702925478355
0.96046772517722
0.949185743746805
0.943893407213353
0.867057443517366
0.944789026372021
0.937558929479018
0.946793134977271
0.94482753520774
0.920992533376415
0.941027279153606
0.931784373708765
0.929540870500369
0.924945288445936
0.929909201629884
0.921095288154697
0.934892075373377
0.955048093095231
0.955558276696978
0.949337767153437
0.880315051677938
0.946247891670137
0.764418597381533
0.933758723327729
0.872899284193591
0.920968232798857
0.93411346919532
0.916248213340092
0.958522934738088
0.898818485659613
0.950546821170674
0.951848050194718
0.921941748448172
0.95405429093289
0.932810248168194
0.948431958923374
0.596188375764602
0.968043690296384
0.962884134199533
0.954795481617459
0.94114544652302
0.948431958923374
0.969527299849281
0.939275737557335
0.926181332806535
0.96046772517722
0.890126506445853
0.950546821170674
0.937558929479018
0.930796948662721
0.951848050194718
0.950786626650399
0.947401790310757
0.928404832582197
0.964416829704755
0.855359636940765
0.950786626650399
0.931232379485046
0.926954318805966
0.870164545826854
0.872899284193591
0.950603298743515
0.94482753520774
0.943536951696558
0.947337647298165
0.901958771281259
0.953795875141109
0.934801906063677
0.939774031470036
0.920413271861725
0.943287658839809
0.950786626650399
0.924655092172215
0.948883956440052
0.960112582887072
0.950786626650399
0.964388997527608
0.954756525733338
0.921022152835614
0.953399233462956
0.949283319826375
0.942292411469555
0.949300507324599
0.94204992425909
0.943517267902859
0.876716518112729
0.958413043727295
0.963013502797368
0.847657013073991
0.948431958923374
0.954795481617459
0.940121460455146
0.934989774565263
0.927500397814721
0.948181305017559
0.942500064503977
0.939195539208977
0.918707634203906
0.953795875141109
0.950546821170674
0.939537175531076
0.961078496355667
0.921375858806849
0.956872794845081
0.955435112135865
0.945187870962125
0.954121941318116
0.821753076766399
0.950822471720001
0.919588111878624
0.93425344928446
0.951848050194718
0.939618118240714
0.950001357307972
0.948181305017559
0.953424393746707
0.955590808618107
0.901736337165774
0.941027279153606
0.948304784995082
0.864079113950733
0.942643103746188
0.939948585293533
0.949185743746805
0.961044734073387
0.949283319826375
0.95405429093289
0.950546821170674
0.953520126801852
0.959640348800521
0.949839050794175
0.837681263884422
0.952554398996758
0.953162483588473
0.901769238469745
0.951613153574482
0.956872794845081
0.954720496571961
0.956994584680214
0.939530436401818
0.936289883436915
0.939595429422314
0.943186839288246
0.957753892008311
0.956058655453873
0.93361035587598
0.907321655083049
0.951848050194718
0.961188891151425
0.928899212210747
0.947300792730587
0.950822471720001
0.950041152138045
0.934121464838666
0.955558276696978
0.951848050194718
0.941480421409822
0.936897639302053
0.939948585293533
0.95405429093289
0.951577855475892
0.920589252967713
0.950786626650399
0.951848050194718
0.955558276696978
0.970381291647301
0.947337647298165
0.941650984949061
0.940550619576989
0.931968316140487
0.940903232360498
0.934522044804063
0.941175204445075
0.952445700451745
0.940961362925822
0.926606530292104
0.95021645505108
0.943186839288246
0.953829634828472
0.95405429093289
0.960997694249619
0.948427833516349
0.950037744281127
0.953795875141109
0.950546821170674
0.953451006189193
0.95021645505108
0.935159331719886
0.936273332281107
0.953795875141109
0.913767430146189
0.932812320704172
0.95981306861034
0.959471206167157
0.950982314190808
0.958876208924991
0.93560782945671
0.941109381134407
0.867057443517366
0.930796948662721
0.916881642881203
0.916248213340092
0.954862092307313
0.956058655453873
0.882263660499369
0.923224636152112
0.952301734449972
0.903475751629238
0.965735221011567
0.948431958923374
0.942218383847317
0.962134326651146
0.947337647298165
0.972948352110416
0.950786626650399
0.943509722787643
0.953795875141109
0.948427833516349
0.949863614745223
0.925057837875786
0.961078496355667
0.794872910141326
0.903966935609889
0.924074713852584
0.919191007473225
0.946418872352786
0.929205247758363
0.899568063989274
0.935915781920226
0.950566472286318
0.956170933391147
0.927400786565395
0.956872794845081
0.946987038318902
0.943581222353403
0.953795875141109
0.922757990331494
0.764418597381533
0.961355250818111
0.956353448867873
0.958288553430776
0.921061921439995
0.907139476900761
0.907663739217943
0.956872794845081
0.956994584680214
0.925897202037433
0.920595263672383
0.937902244754542
0.958413043727295
0.934989774565263
0.950786626650399
0.96668440092539
0.936139766044059
0.952426972644125
0.953910374699396
0.963013502797368
0.958288553430776
0.932717845141623
0.942057551910951
0.946758769173128
0.948034943430087
0.952770525195744
0.940690927030116
0.950546821170674
0.943581222353403
0.878239586451889
0.943536951696558
0.93976925609772
0.931006288610638
0.950493851145341
0.952464735910936
0.954795481617459
0.897519690508649
0.953795875141109
0.941352717525112
0.963742903554366
0.94482313822475
0.96332028200025
0.892853027886062
0.916911431347921
0.96046772517722
0.949366153434688
0.934349644638661
0.948431958923374
0.934801906063677
0.873156488530356
0.930663291304389
0.921022152835614
0.923280650501995
0.901958771281259
0.955558276696978
0.858681626530162
0.921106400311844
0.921564095291967
0.94482753520774
0.88243019572899
0.955558276696978
0.940903232360498
0.94482753520774
0.972307067957669
0.950001357307972
0.933758723327729
0.949863614745223
0.939901645731505
0.956203037394837
0.913534283126476
0.949863614745223
0.959375924920916
0.930645543357482
0.970966607509042
0.915193541337078
0.937969781278786
0.946176913264644
0.94665667722909
0.909305894749618
0.940005910355416
0.953520126801852
0.954922861365302
0.922250101581404
0.953795875141109
0.968930979826928
0.961078496355667
0.935299883570259
0.929485060755673
0.95914615830413
0.968236145848278
0.930645543357482
0.947831833096638
0.965512067891628
0.952287969133658
0.947495770160781
0.942290878774658
0.930472349780742
0.964914060791663
0.914433114775419
0.888443201979298
0.939839033681447
0.950786626650399
0.898938375248719
0.942500064503977
0.934848595973512
0.954795481617459
0.954339757795783
0.908425353515474
0.948431958923374
0.930483177025293
0.950786626650399
0.890766531397719
0.93693791427176
0.938429882563384
0.937902244754542
0.955273335929766
0.950894635708194
0.872245543668685
0.924147463635824
0.95905781172594
0.92996758894338
0.812981004457681
0.948431958923374
0.959375924920916
0.971618429283051
0.909738973854015
0.953829634828472
0.958556069618247
0.950786626650399
0.954155474212003
0.950822471720001
0.935124387207336
0.953795875141109
0.944789026372021
0.957178121836099
0.956023805831171
0.898354981802836
0.943581222353403
0.939157851976184
0.97095060981955
0.950786626650399
0.957196544353992
0.947831833096638
0.951918785333102
0.960574077792689
0.929102799374545
0.953795875141109
0.961770186107778
0.956203037394837
0.918393892477935
0.939774031470036
0.955440896144273
0.907727945104198
0.957225650323934
0.919704833222948
0.901958771281259
0.939195539208977
0.949556653886439
0.961345486660262
0.972307067957669
0.95405429093289
0.915705391627381
0.951848050194718
0.95914615830413
0.930645543357482
0.939530436401818
0.948034943430087
0.916473000353594
0.935299883570259
0.910508295612839
0.930645543357482
0.967414695820337
0.933988543040524
0.96668440092539
0.937496323009326
0.955340630244056
0.930645543357482
0.934848595973512
0.937033882693936
0.913767430146189
0.947467224566307
0.956469467230109
0.961770186107778
0.9459667205376
0.910805008869887
0.946987038318902
0.948177160654058
0.833700670792992
0.922116339649304
0.898599661216591
0.954795481617459
0.873186987579755
0.945569164978528
0.88081139860733
0.950594560931955
0.954795481617459
0.946216077579178
0.94925496183638
0.941229312526271
0.95763593124455
0.947337647298165
0.760594294536902
0.953795875141109
0.95021645505108
0.943004740212775
0.916830912649625
0.878300436944042
0.949960728746699
0.319392537491093
0.951848050194718
0.953795875141109
0.934989774565263
0.931781516135307
0.961117739876402
0.92403886479566
0.938409986685355
0.957690446390634
0.953829634828472
0.963938655613812
0.939195539208977
0.954795481617459
0.956872794845081
0.916698289193123
0.907663739217943
0.950786626650399
0.95297206447638
0.939062898749592
0.944988372671925
0.969527299849281
0.924605430434464
0.895661920490239
0.955114825464276
0.968043690296384
0.956872794845081
0.923520633990857
0.934989774565263
0.930447494101201
0.957669696265122
0.919847921912672
0.951577855475892
0.953795875141109
0.935085251832222
0.930314788103088
0.949565639420236
0.953795875141109
0.951573968888374
0.953829634828472
0.935346241531011
0.948427833516349
0.935299883570259
0.949025012165575
0.958288553430776
0.955440896144273
0.921971323959985
0.950822471720001
0.94482753520774
0.958288553430776
0.954155474212003
0.950786626650399
0.945491719964613
0.943789144921428
0.95021645505108
0.939260868908676
0.947337647298165
0.899212887743395
0.946987038318902
0.921547299879829
0.946987038318902
0.968386150779254
0.945059039250709
0.945569164978528
0.901958771281259
0.950786626650399
0.950037744281127
0.948177160654058
0.954121941318116
0.968930979826928
0.956469467230109
0.954121941318116
0.956058655453873
0.939195539208977
0.956058655453873
0.960814752343628
0.945339551637445
0.950418489153121
0.920968232798857
0.951577855475892
0.953829634828472
0.942536620579389
0.934140738637407
0.951577855475892
0.948502979477958
0.949283319826375
0.956872794845081
0.907663739217943
0.950786626650399
0.95021645505108
0.901958771281259
0.955324549001805
0.942500064503977
0.895210534487424
0.948431958923374
0.931550733820534
0.9531893637814
0.947467224566307
0.948431958923374
0.872899284193591
0.950786626650399
0.8697518375538
0.937558929479018
0.946841441126488
0.927421229703684
0.95405429093289
0.932110347839748
0.932525284519645
0.958584291122571
0.950546821170674
0.918789237369576
0.942500064503977
0.909811195133455
0.934801906063677
0.950822471720001
0.764418597381533
0.764418597381533
0.933758723327729
0.930483177025293
0.887939396192781
0.950822471720001
0.573014409525452
0.949537430896405
0.937496323009326
0.947388313574273
0.930645543357482
0.948431958923374
0.947151577334526
0.939260868908676
0.948493523349164
0.95329797871642
0.950668913357499
0.930693271433046
0.943581222353403
0.915709461177749
0.930645543357482
0.897519690508649
0.943941521224461
0.940642472701311
0.956493045504315
0.937398759532671
0.950786626650399
0.953958164293155
0.954702250579822
0.909648680889365
0.959640348800521
0.948431958923374
0.902026515915995
0.941229312526271
0.9341065430374
0.943893407213353
0.909424482367473
0.931737341909441
0.939062898749592
0.961345486660262
0.948469426087767
0.950493851145341
0.926462849684694
0.918267446808084
0.422335819403028
0.951848050194718
0.951573968888374
0.931737341909441
0.942742796483764
0.955384675077188
0.929946698554979
0.962884134199533
0.95405429093289
0.910292476222215
0.932110347839748
0.950834146888693
0.938690823429673
0.954109204798161
0.927400786565395
0.939530436401818
0.950493851145341
0.962884134199533
0.961920777961157
0.911259096764325
0.958288553430776
0.902761800718466
0.94565655572407
0.714627145396971
0.94382978557901
0.949863614745223
0.950650921014874
0.951848050194718
0.925412922009557
0.934989774565263
0.956058655453873
0.953795875141109
0.952554398996758
0.867057443517366
0.887709256766456
0.951774645073574
0.943449114958935
0.916698289193123
0.959640348800521
0.907663739217943
0.946179538244979
0.958522934738088
0.939239287243648
0.947337647298165
0.947495770160781
0.939239287243648
0.934121464838666
0.939530436401818
0.938939295459457
0.951577855475892
0.959780365046712
0.95763593124455
0.939464493630985
0.953795875141109
0.948469426087767
0.947337647298165
0.920968232798857
0.929121243895474
0.936939706615836
0.945339551637445
0.946418872352786
0.938742610049152
0.961188891151425
0.943179175466944
0.955558276696978
0.918497757157157
0.953829634828472
0.946987038318902
0.954795481617459
0.952426972644125
0.946987038318902
0.936930267710074
0.923659550468779
0.935299883570259
0.957499953147531
0.904090589510455
0.956170933391147
0.902242934751998
0.950546821170674
0.942290878774658
0.931280792024541
0.946987038318902
0.913251977664158
0.764418597381533
0.94482753520774
0.938851998765209
0.930645543357482
0.953795875141109
0.944614017776597
0.901516711281262
0.846884805467877
0.939774031470036
0.917557271506452
0.968933518850806
0.921022152835614
0.937078563952518
0.932294720089048
0.953944014952657
0.945569164978528
0.944008763132018
0.946987038318902
0.955340630244056
0.956872794845081
0.950493851145341
0.947337647298165
0.961078496355667
0.963084345156147
0.962185166798039
0.951552219431607
0.919386694306961
0.937104688816396
0.956406539913245
0.90480054793316
0.953777534614209
0.950822471720001
0.92239571627658
0.950546821170674
0.95405429093289
0.943099784611633
0.943044418537517
0.949058610309961
0.929289316604388
0.927452365264498
0.950142678405133
0.883192367887195
0.925531728973583
0.953562643321096
0.953829634828472
0.95981306861034
0.958895407176308
0.909424482367473
0.953332084398755
0.926741849049759
0.950786626650399
0.930483177025293
0.959640348800521
0.924500384597768
0.951285637376861
0.956783654197079
0.920182541359299
0.947300792730587
0.903371355128222
0.926900335507011
0.897049131349413
0.920182541359299
0.91493801398802
0.928593121464663
0.94555022315331
0.864678522169987
0.933565835530103
0.926393416773882
0.954922861365302
0.944982412829527
0.950786626650399
0.933963313606987
0.95021645505108
0.923322145827606
0.871088377534825
0.961345486660262
0.918789237369576
0.937902244754542
0.953795875141109
0.935299883570259
0.947337647298165
0.930741035052526
0.932300087005218
0.954369980268249
0.950650921014874
0.952521761275966
0.959436072889162
0.865039279173533
0.951577855475892
0.957178121836099
0.913494772484028
0.924218902075383
0.950252693682133
0.901306330316405
0.937078563952518
0.951848050194718
0.930314788103088
0.941352717525112
0.959474485929367
0.951653297211853
0.960608558461736
0.95914615830413
0.950001357307972
0.959785862430511
0.934801906063677
0.936081155876354
0.955340630244056
0.945996811564676
0.955656301790269
0.957513493735408
0.955558276696978
0.901958771281259
0.961146367670582
0.952426972644125
0.956920646966695
0.936184945327333
0.95405429093289
0.944239377759463
0.935249040948199
0.953795875141109
0.934989774565263
0.947202508166596
0.930518553105713
0.961937606680828
0.95914615830413
0.95624759952196
0.940903232360498
0.935159331719886
0.958413043727295
0.955384675077188
0.946949243435834
0.962474432921515
0.949069740203991
0.93693791427176
0.953795875141109
0.950546821170674
0.964065833900384
0.91593939792928
0.895464064175782
0.951848050194718
0.937558929479018
0.943893407213353
0.971618429283051
0.953399233462956
0.95405429093289
0.881054693950834
0.952867535794414
0.93380610738667
0.923101538715084
0.947337647298165
0.938101568560034
0.955036273454759
0.767921507984888
0.955558276696978
0.932736857795776
0.913534283126476
0.929150925071389
0.948431958923374
0.935299883570259
0.935369110819805
0.954795481617459
0.940164584743632
0.95021645505108
0.916698289193123
0.939195539208977
0.894924732263857
0.876716518112729
0.934668258247388
0.943789144921428
0.900881868519166
0.950546821170674
0.954121941318116
0.958876208924991
0.958288553430776
0.950607259191574
0.960581733693183
0.953795875141109
0.930241737618346
0.937461034989389
0.94482313822475
0.919750461108054
0.956872794845081
0.950786626650399
0.873156488530356
0.950668913357499
0.761862012884149
0.95914615830413
0.948431958923374
0.947495770160781
0.894806446530115
0.930314788103088
0.943789144921428
0.927210415509809
0.874405415361457
0.942905152844765
0.88007036922305
0.950786626650399
0.949234727256183
0.939774031470036
0.948431958923374
0.930645543357482
0.947337647298165
0.966482868895275
0.939948585293533
0.909424482367473
0.948938556465855
0.943581222353403
0.961881020601963
0.887120892128394
0.934609737317406
0.934801906063677
0.929612862541477
0.892262164589351
0.948332900289087
0.924314700967911
0.906566992074608
0.878030906037161
0.942667332881284
0.949014033124628
0.947337647298165
0.922450076355876
0.939948585293533
0.941832407422792
0.947300792730587
0.901405636068256
0.955558276696978
0.943517267902859
0.924353274432135
0.955460226323375
0.908155323092553
0.948469426087767
0.95405429093289
0.937290162503475
0.950695809731025
0.939530436401818
0.956872794845081
0.950894635708194
0.940204743386757
0.897590154195709
0.950786626650399
0.908748313374816
0.886396797237804
0.941109381134407
0.920526312301795
0.953795875141109
0.959915639805603
0.891608920329106
0.943581222353403
0.928563920487805
0.930447494101201
0.946450765072351
0.953795875141109
0.952926508297636
0.953795875141109
0.955440896144273
0.907663739217943
0.951823956740921
0.939530436401818
0.910606287308717
0.934989774565263
0.950546821170674
0.931737341909441
0.953944014952657
0.939948585293533
0.942950626655024
0.948469426087767
0.925007823272898
0.950695809731025
0.923322145827606
0.960340460006111
0.950786626650399
0.874946585900062
0.97095060981955
0.945339551637445
0.95405429093289
0.9542224556463
0.951848050194718
0.93603382182725
0.946987038318902
0.955440896144273
0.939530436401818
0.930701461025536
0.950695809731025
0.929759026029065
0.953182689414173
0.961989229187809
0.932706843044522
0.950786626650399
0.935975374658999
0.951848050194718
0.955558276696978
0.941352717525112
0.919222924866841
0.951577855475892
0.958865191830389
0.947467224566307
0.954791841021987
0.957526720166767
0.939948585293533
0.927471632930366
0.939858568107507
0.953795875141109
0.957690446390634
0.957071477687516
0.950546821170674
0.950943918490008
0.947240818907591
0.940903232360498
0.947495770160781
0.924598950673254
0.931734957478819
0.941099774242152
0.894806446530115
0.947337647298165
0.949291863011586
0.96716511074989
0.954121941318116
0.937109659932803
0.953829634828472
0.936361271522374
0.867027558214874
0.951577855475892
0.953944014952657
0.929372839777533
0.960384220518872
0.941650984949061
0.776653616546011
0.913625881191216
0.953795875141109
0.961345486660262
0.947083203970449
0.952301734449972
0.946729755640102
0.944755807748853
0.962884134199533
0.949681061234161
0.941861473292429
0.926112533492577
0.90732803859394
0.948332900289087
0.92425812252463
0.953829634828472
0.946987038318902
0.892974314824021
0.958288553430776
0.961278453961348
0.917436540136697
0.93933737149079
0.915220039701391
0.943975139920817
0.948431958923374
0.950822471720001
0.940197106194209
0.941027279153606
0.957499953147531
0.901958771281259
0.944789026372021
0.922440526569262
0.949164735392493
0.887493968633428
0.930741035052526
0.950497553273354
0.930488493333821
0.927400786565395
0.930442035467107
0.951848050194718
0.953520126801852
0.912502465897074
0.953795875141109
0.948431958923374
0.961078496355667
0.893362083001376
0.945789997305153
0.935299883570259
0.903966935609889
0.953795875141109
0.956994584680214
0.937105876885531
0.946451871966224
0.925063685010489
0.935369110819805
0.937246805953797
0.941328404747193
0.934801906063677
0.909046287912524
0.942742796483764
0.950786626650399
0.939249489451398
0.943186839288246
0.956879521926456
0.915050611070125
0.893276661749003
0.926073269294851
0.935299883570259
0.901405636068256
0.915764892262867
0.932110347839748
0.953332084398755
0.932909847140007
0.948181305017559
0.897590154195709
0.950786626650399
0.95405429093289
0.944055601988142
0.896660655865828
0.937558929479018
0.946856500682959
0.948843560503845
0.954795481617459
0.95405429093289
0.948431958923374
0.953944014952657
0.928260515144661
0.935299883570259
0.943517267902859
0.939062898749592
0.930844502418508
0.767921507984888
0.895464064175782
0.955558276696978
0.937286198782793
0.909424482367473
0.938818081168821
0.948431958923374
0.94861279995754
0.916621326157088
0.902026515915995
0.946645807470482
0.953795875141109
0.94131468483719
0.926405371211649
0.954702250579822
0.939062898749592
0.876716518112729
0.901958771281259
0.950252693682133
0.959640348800521
0.966085215534169
0.926167486615813
0.907933055198707
0.954644067540052
0.894806446530115
0.935873034374715
0.9380833770732
0.943581222353403
0.934420594835893
0.956182639111243
0.946500441244436
0.935346241531011
0.907663739217943
0.951848050194718
0.941229312526271
0.948625612729199
0.866609059554103
0.947337647298165
0.939880775369758
0.949611380644765
0.950786626650399
0.961345486660262
0.953332084398755
0.901672540639537
0.943893407213353
0.967964730031095
0.950546821170674
0.910445223043662
0.953795875141109
0.903156113189319
0.93211882496619
0.893204482219133
0.948431958923374
0.947467224566307
0.945628142732183
0.917914425280372
0.939195539208977
0.948160842646764
0.93411346919532
0.929964123713845
0.907261590398118
0.949863614745223
0.903522138415072
0.767921507984888
0.922662754482469
0.95405429093289
0.948544856118586
0.899122184315923
0.936364074189014
0.952287969133658
0.953449940340586
0.950546821170674
0.935628591610914
0.931521069295266
0.95405429093289
0.958288553430776
0.93183144045745
0.940486589207811
0.940903232360498
0.940164584743632
0.94382978557901
0.948469426087767
0.935596082872193
0.874939901158653
0.951774645073574
0.935159331719886
0.950826150544752
0.935210550868748
0.935028358353602
0.943893407213353
0.951613153574482
0.953829634828472
0.950786626650399
0.895694063288725
0.972307067957669
0.91505364969239
0.953795875141109
0.952426972644125
0.888443201979298
0.947467224566307
0.914771361313622
0.953795875141109
0.935157242255506
0.90956676566669
0.943517267902859
0.953795875141109
0.966293577339681
0.949565639420236
0.955368693838531
0.947300792730587
0.95945276251544
0.928438794666285
0.955114825464276
0.947615857412462
0.944958543042933
0.931637454508735
0.961078496355667
0.91561498621664
0.885460350156358
0.953840630729575
0.930741035052526
0.952100572950268
0.937814280665881
0.935981795620558
0.900384904214211
0.936273332281107
0.9380833770732
0.895472667707635
0.953959604955121
0.948181305017559
0.94382978557901
0.964307747006003
0.921072724508575
0.953795875141109
0.949565639420236
0.934614891870611
0.935981795620558
0.951613153574482
0.947300792730587
0.950786626650399
0.948427833516349
0.953795875141109
0.957867740681549
0.953795875141109
0.932810248168194
0.951577855475892
0.927602665768295
0.950786626650399
0.947467224566307
0.901958771281259
0.931632572449025
0.939948585293533
0.953795875141109
0.934121464838666
0.939948585293533
0.901958771281259
0.887631339008683
0.951844184196787
0.950668913357499
0.951577855475892
0.905139538373151
0.941224646620747
0.947300792730587
0.954795481617459
0.917896128372963
0.923821237808987
0.934953893345074
0.901466423543174
0.9348414573484
0.958288553430776
0.871476206922079
0.95405429093289
0.956493045504315
0.950546821170674
0.937109659932803
0.930645543357482
0.948431958923374
0.953519501574042
0.952977238188628
0.965062428927813
0.931737341909441
0.943123561214526
0.951126989692583
0.91473609158676
0.95405429093289
0.957690446390634
0.953588525428803
0.952426972644125
0.961078496355667
0.970381291647301
0.948431958923374
0.939948585293533
0.950768149961489
0.95405429093289
0.953795875141109
0.956783654197079
0.885745373071466
0.93940295831244
0.970948230707079
0.881705468731387
0.93183144045745
0.940903232360498
0.954862092307313
0.937558929479018
0.926112533492577
0.90683966438191
0.958288553430776
0.954795481617459
0.953219460715378
0.945987226365191
0.953795875141109
0.907663739217943
0.952926508297636
0.935299883570259
0.943789144921428
0.959798246348328
0.942321089349941
0.947719545981767
0.226055888604626
0.937200658515059
0.953318601856752
0.963093686939514
0.95405429093289
0.952136555449322
0.953795875141109
0.955586209882457
0.937285123745864
0.946758769173128
0.938196197331022
0.956182639111243
0.964233703894571
0.943789144921428
0.767921507984888
0.957178121836099
0.93888730775814
0.909269059596482
0.949874591143247
0.956872794845081
0.955174503970508
0.931663049283112
0.886006252857309
0.895430771462774
0.931495080705314
0.953795875141109
0.936139766044059
0.935159331719886
0.946729755640102
0.948465303515222
0.923655859753594
0.950546821170674
0.968733910912213
0.941027279153606
0.764418597381533
0.943004740212775
0.948427833516349
0.883654694577312
0.943893407213353
0.891722754551915
0.876716518112729
0.961881020601963
0.951749047491403
0.95241971090127
0.944789026372021
0.947822060717354
0.901958771281259
0.956872794845081
0.953647872505165
0.955114825464276
0.937241138476996
0.925412922009557
0.938069293168281
0.897519690508649
0.934801906063677
0.907139476900761
0.956872794845081
0.944789026372021
0.915702920948118
0.8858060336182
0.955558276696978
0.951577855475892
0.95405429093289
0.956058655453873
0.953829634828472
0.95914615830413
0.959096471246032
0.914958355353121
0.953959604955121
0.969560072960004
0.941027279153606
0.952456776040934
0.934848595973512
0.953795875141109
0.94904586026055
0.894806446530115
0.947860419790457
0.950786626650399
0.955440896144273
0.950786626650399
0.951844184196787
0.951577855475892
0.947495770160781
0.756643643271943
0.956994584680214
0.937328160482667
0.921973803256496
0.95405429093289
0.948431958923374
0.94482313822475
0.913217885011031
0.929286549470525
0.951848050194718
0.935159331719886
0.955558276696978
0.935299883570259
0.871299129870805
0.858461631788866
0.948427833516349
0.955558276696978
0.872899284193591
0.94702549666426
0.950786626650399
0.947337647298165
0.919907294462111
0.953314848134877
0.929540870500369
0.946729755640102
0.955558276696978
0.949062071584385
0.928538818393126
0.945628142732183
0.933565835530103
0.940831737433836
0.951848050194718
0.951577855475892
0.955558276696978
0.957546520521524
0.946247891670137
0.931731977078078
0.767921507984888
0.958522934738088
0.934801906063677
0.923360109570432
0.948431958923374
0.935833406437243
0.939880775369758
0.946247891670137
0.944178020951179
0.948469426087767
0.930520274745542
0.930241737618346
0.951848050194718
0.947337647298165
0.956058655453873
0.908424785037133
0.932203969620739
0.932110347839748
0.92532264997018
0.897519690508649
0.916143515601481
0.930741035052526
0.951577855475892
0.939595429422314
0.947337647298165
0.958288553430776
0.958319173931267
0.938020849753597
0.953829634828472
0.930844502418508
0.931006288610638
0.940899168290252
0.958288553430776
0.958881463985707
0.924467965107877
0.94393115999593
0.950279889222946
0.949091686987413
0.955558276696978
0.937078563952518
0.920386640402084
0.930645543357482
0.9459667205376
0.953829634828472
0.953366412140982
0.961078496355667
0.950120906805413
0.959780365046712
0.950371496051051
0.951848050194718
0.945433906882527
0.951848050194718
0.953959604955121
0.964339164775582
0.955558276696978
0.925658221891129
0.959141961422906
0.951848050194718
0.914738995549191
0.930615926059449
0.948427833516349
0.941027279153606
0.951573968888374
0.95021645505108
0.95763593124455
0.924064485674679
0.950786626650399
0.944672253663765
0.963249274918393
0.950786626650399
0.950786626650399
0.916915852535385
0.9341065430374
0.949164735392493
0.946987038318902
0.967478723642761
0.953795875141109
0.932662241346311
0.906756522007333
0.947300792730587
0.945531200696824
0.940164584743632
0.928197408513705
0.9576670096728
0.943186839288246
0.964627297211861
0.939530436401818
0.950786626650399
0.951848050194718
0.939129254890169
0.956872794845081
0.920968232798857
0.942119216256152
0.933847303996922
0.925658221891129
0.937558929479018
0.944920821405853
0.939235759808041
0.872957461463691
0.9459667205376
0.970381291647301
0.956783654197079
0.950546821170674
0.955586209882457
0.925888360172091
0.949681061234161
0.902242934751998
0.963013502797368
0.913363675513314
0.91845576710345
0.950786626650399
0.968070872404326
0.947337647298165
0.951653297211853
0.941760309000956
0.938409986685355
0.961078496355667
0.948465303515222
0.9586183848024
0.934140738637407
0.951613153574482
0.882135828195984
0.958266801305783
0.897787701636308
0.960997694249619
0.947300792730587
0.954791841021987
0.929540870500369
0.939239287243648
0.955440896144273
0.922440526569262
0.912454860850791
0.925412922009557
0.972948352110416
0.944238315193166
0.961345486660262
0.910797609654792
0.943581222353403
0.94212996657635
0.773680315666806
0.910677748577283
0.947103807282397
0.951848050194718
0.963249274918393
0.934989774565263
0.939195539208977
0.931334030211113
0.932300087005218
0.949992216655674
0.956058655453873
0.943287658839809
0.953369909993999
0.95405429093289
0.955048267969382
0.949519935157324
0.918422678035727
0.94482753520774
0.929209177252463
0.764418597381533
0.935369110819805
0.948431958923374
0.953795875141109
0.950786626650399
0.887080435697575
0.926061809785237
0.935028358353602
0.951577855475892
0.956872794845081
0.950546821170674
0.93411346919532
0.956783654197079
0.958584291122571
0.943044418537517
0.885725418853605
0.954685399886635
0.95405429093289
0.925895049089708
0.951982499601361
0.948431958923374
0.948181305017559
0.94925496183638
0.953795875141109
0.869200482301682
0.943344989488398
0.926061809785237
0.948588252970366
0.865053775019153
0.872899284193591
0.961877093504027
0.928821448643356
0.909546352709065
0.956872794845081
0.764418597381533
0.93716454717807
0.95914615830413
0.950943918490008
0.939530436401818
0.934614891870611
0.947467224566307
0.933045188457301
0.932133000923106
0.959375924920916
0.950786626650399
0.9586183848024
0.951613153574482
0.945187870962125
0.948177160654058
0.958546075518779
0.950786626650399
0.722586894696026
0.919854774573322
0.942950626655024
0.948431958923374
0.950786626650399
0.95405429093289
0.954588242010354
0.950939983643082
0.94925496183638
0.950786626650399
0.957639809119408
0.939260868908676
0.934989774565263
0.951848050194718
0.950546821170674
0.928538818393126
0.907663739217943
0.889024601984931
0.962474432921515
0.952926508297636
0.951577855475892
0.951573968888374
0.95405429093289
0.954720496571961
0.958288553430776
0.950582297681601
0.946659180212114
0.931945810771611
0.939948585293533
0.95405429093289
0.903522138415072
0.939948585293533
0.913668228991771
0.939948585293533
0.934801906063677
0.950546821170674
0.926393416773882
0.955558276696978
0.948181305017559
0.948431958923374
0.947269760531024
0.863946783483811
0.937109659932803
0.951848050194718
0.93286848215365
0.930663291304389
0.956872794845081
0.943811590590547
0.954795481617459
0.938411615715907
0.94478462649941
0.941577535539993
0.933286860660679
0.953978122514166
0.903139590331229
0.958522934738088
0.95763593124455
0.951609269676078
0.948197128639581
0.949283319826375
0.938442096174964
0.950943918490008
0.89570722637139
0.913534283126476
0.951285637376861
0.942757156053505
0.955558276696978
0.950650921014874
0.952403788565618
0.934614891870611
0.907933055198707
0.95405429093289
0.943789144921428
0.933133588376223
0.928821448643356
0.925658221891129
0.937558929479018
0.961078496355667
0.85524300652198
0.958319173931267
0.930645543357482
0.879746558635259
0.892829124111256
0.933930318960875
0.953930617060485
0.948139071580151
0.954849810621322
0.933175483110647
0.932295988646321
0.956872794845081
0.909811195133455
0.950786626650399
0.923655859753594
0.869994345694018
0.943248139771699
0.939948724663821
0.953761378652377
0.939239287243648
0.958288553430776
0.920968232798857
0.954644067540052
0.941391585849681
0.962188235590225
0.913656195611149
0.872245543668685
0.905346394138797
0.953940309091408
0.956872794845081
0.95057338647961
0.9341065430374
0.96490834544097
0.954644067540052
0.88883057761521
0.951285637376861
0.944909443224366
0.937558929479018
0.901958771281259
0.937878300741607
0.909424482367473
0.949014033124628
0.932630664036964
0.935159331719886
0.930645543357482
0.951126989692583
0.951848050194718
0.939231789094255
0.915702521629029
0.950493851145341
0.915519836898135
0.94778045321364
0.934801906063677
0.951577855475892
0.932594781311544
0.938069293168281
0.962346278641091
0.950786626650399
0.95405429093289
0.955440896144273
0.956850883601196
0.954795481617459
0.937099444171053
0.94482753520774
0.928485812420032
0.952322775519441
0.943581222353403
0.965377799200123
0.92345932481492
0.883560009999367
0.928821448643356
0.96046772517722
0.957566644634524
0.923190410795055
0.951609269676078
0.934614891870611
0.950786626650399
0.948181305017559
0.958288553430776
0.948285977297547
0.916816146796843
0.953959604955121
0.952554398996758
0.950786626650399
0.92327296153726
0.952867535794414
0.937558929479018
0.930645543357482
0.894806446530115
0.953795875141109
0.863946783483811
0.94212996657635
0.948121790977304
0.949014033124628
0.9586183848024
0.952926508297636
0.950786626650399
0.949519935157324
0.954809381762035
0.897525766137253
0.953795875141109
0.943248139771699
0.889024601984931
0.941983577037078
0.926003508784416
0.955460617205931
0.96046772517722
0.935299883570259
0.947337647298165
0.96046772517722
0.919907294462111
0.848391574447943
0.93080650260581
0.86529554268633
0.937164102632608
0.968930979826928
0.943344989488398
0.911021640444204
0.948181305017559
0.961345486660262
0.948938556465855
0.947202508166596
0.950546821170674
0.948469426087767
0.939316229564574
0.936386607936287
0.950279889222946
0.893776065236666
0.940121460455146
0.901604577944448
0.951577855475892
0.963093686939514
0.950939983643082
0.956994584680214
0.953795875141109
0.927055769775026
0.957526720166767
0.953795875141109
0.913780792982291
0.935159331719886
0.928681027265007
0.939001474471297
0.950943918490008
0.957121466472089
0.951126989692583
0.930314788103088
0.960340460006111
0.956872794845081
0.875154552586069
0.921333451535231
0.950668913357499
0.948194490131023
0.960354877488727
0.956891046931321
0.919704833222948
0.887324258931931
0.953795875141109
0.946451871966224
0.941480347615594
0.962654323108843
0.950786626650399
0.9362682995537
0.958288553430776
0.937104834345294
0.928930245047657
0.903966935609889
0.901958771281259
0.892196473266962
0.9459667205376
0.933986358359738
0.0400168670032306
0.964911397437483
0.958288553430776
0.895033334743517
0.90515281492483
0.958319173931267
0.946987038318902
0.93888730775814
0.947300792730587
0.953795875141109
0.943695752436728
0.94212996657635
0.947337647298165
0.956469467230109
0.952926508297636
0.928013039792441
0.937242492469138
0.947467224566307
0.955586209882457
0.947300792730587
0.951577855475892
0.946365300012472
0.937241138476996
0.94702549666426
0.939260868908676
0.961078496355667
0.902026515915995
0.948431958923374
0.951577855475892
0.932525284519645
0.949899555539351
0.819166687040117
0.950786626650399
0.947202508166596
0.909546352709065
0.872410420362242
0.841779838559482
0.934801906063677
0.94214660117224
0.94702549666426
0.948431958923374
0.95405429093289
0.943893407213353
0.88843273863811
0.947337647298165
0.97095060981955
0.939231789094255
0.925710939438397
0.948431958923374
0.948431958923374
0.955473509985661
0.919907294462111
0.946987038318902
0.951005532785669
0.948431958923374
0.943893407213353
0.931925523379842
0.932957512192691
0.928584981480909
0.961078496355667
0.94482753520774
0.920968232798857
0.950650921014874
0.917508867623565
0.94482753520774
0.946005876870965
0.952896315674958
0.956872794845081
0.954795481617459
0.867337979663644
0.951848050194718
0.946729755640102
0.929964123713845
0.958584291122571
0.951577855475892
0.956891046931321
0.866212533787265
0.918919099585189
0.953848044795451
0.747260860488795
0.935124387207336
0.943004740212775
0.941516924291393
0.913649789403628
0.883700927363793
0.958522934738088
0.952527312395251
0.951613153574482
0.953795875141109
0.961345486660262
0.955558276696978
0.944789026372021
0.952564999979674
0.959036968378618
0.940121382928335
0.966070484548491
0.936082533187847
0.939260868908676
0.950546821170674
0.923765650514804
0.941650984949061
0.934801906063677
0.933600032802237
0.935159331719886
0.944988372671925
0.96668440092539
0.956936482588227
0.875154552586069
0.955558276696978
0.897519690508649
0.953080676743138
0.932894295008702
0.956872794845081
0.957990238809959
0.951577855475892
0.954720496571961
0.937109659932803
0.956872794845081
0.932685766605972
0.945531200696824
0.925658221891129
0.95405429093289
0.958288553430776
0.873156488530356
0.934801906063677
0.95577950738613
0.937902244754542
0.901517317994325
0.930796948662721
0.943893407213353
0.950786626650399
0.963660619957341
0.878418637006295
0.955558276696978
0.85545208457498
0.936082533187847
0.935299883570259
0.910835245127214
0.939880775369758
0.929370577929034
0.937878300741607
0.96779685243094
0.911021640444204
0.951844184196787
0.955340630244056
0.948181305017559
0.934614891870611
0.947337647298165
0.951577855475892
0.960626086661031
0.970116774380472
0.923815308805152
0.95405429093289
0.93183144045745
0.927446689895648
0.937921203043491
0.916149955458517
0.958895407176308
0.950546821170674
0.959780365046712
0.952426972644125
0.953795875141109
0.947337647298165
0.957990238809959
0.880315051677938
0.92513351688334
0.961078496355667
0.950177831069564
0.963586433042147
0.950015747703687
0.922941146885592
0.951848050194718
0.934989774565263
0.937905289528503
0.939594812985191
0.932960059271219
0.934614891870611
0.933133588376223
0.946758769173128
0.921333451535231
0.914823722809855
0.926405371211649
0.940486589207811
0.953795875141109
0.954095011534426
0.939260868908676
0.938409986685355
0.949283319826375
0.951053357880456
0.948883956440052
0.957509332502706
0.935159331719886
0.951848050194718
0.860041330190981
0.956872794845081
0.967266885582529
0.940831737433836
0.937241138476996
0.930645543357482
0.948285977297547
0.948427833516349
0.956493045504315
0.956783654197079
0.93801813021245
0.957162371094131
0.930314788103088
0.909424482367473
0.890682898575279
0.95405429093289
0.959640348800521
0.931563895675273
0.950786626650399
0.959640348800521
0.956872794845081
0.951577855475892
0.953795875141109
0.959191819571406
0.88540300986957
0.958522934738088
0.950786626650399
0.935299883570259
0.948469426087767
0.950786626650399
0.929540870500369
0.925579286571008
0.942394882285206
0.939195539208977
0.939988096303781
0.949565639420236
0.953795875141109
0.950392209254451
0.934614891870611
0.955558276696978
0.950786626650399
0.926977362638358
0.950786626650399
0.944789026372021
0.958288553430776
0.961078496355667
0.961672077960004
0.947202508166596
0.947202508166596
0.940121460455146
0.949700128250277
0.906267051585247
0.942537650533352
0.953795875141109
0.95405429093289
0.953944014952657
0.957690446390634
0.928491412772344
0.926377373889826
0.956049388635445
0.943581222353403
0.949355382131741
0.906011894957031
0.947337647298165
0.939195539208977
0.953829634828472
0.959176176054439
0.953795875141109
0.91068986401598
0.921333451535231
0.953848044795451
0.955368693838531
0.721242702516162
0.945269671701316
0.955593670238279
0.958604277116403
0.953803028916297
0.953795875141109
0.946987038318902
0.95405429093289
0.93461255670026
0.950786626650399
0.958288553430776
0.922273656062786
0.941760309000956
0.94482753520774
0.954644067540052
0.916248213340092
0.950786626650399
0.951848050194718
0.953918245629703
0.956872794845081
0.941457858576099
0.942593429772567
0.935411427865411
0.940898542192469
0.939839033681447
0.939195539208977
0.947526354603094
0.901186798491828
0.765567894100717
0.930645543357482
0.919901079822168
0.950786626650399
0.950822471720001
0.953399233462956
0.949565639420236
0.942711080431869
0.949283319826375
0.946758769173128
0.917896128372963
0.960384220518872
0.90480054793316
0.937558929479018
0.943517267902859
0.95405429093289
0.949677990905923
0.935299883570259
0.958319173931267
0.960442249856319
0.934614891870611
0.833278146184247
0.950546821170674
0.944456769981274
0.953795875141109
0.960340460006111
0.907663739217943
0.926476065497843
0.960383532236881
0.945507333853976
0.941229312526271
0.944178020951179
0.934801906063677
0.939195539208977
0.958522934738088
0.922553619378036
0.943287658839809
0.94478462649941
0.956170933391147
0.953189547753145
0.957178121836099
0.948431958923374
0.953795875141109
0.940486589207811
0.958319173931267
0.935006794674414
0.952426972644125
0.952645829132482
0.94925496183638
0.937078563952518
0.767921507984888
0.925895049089708
0.94565655572407
0.95405429093289
0.930624246165491
0.928044157273739
0.958522934738088
0.953795875141109
0.930645543357482
0.929540870500369
0.943287658839809
0.950668913357499
0.958413043727295
0.934801906063677
0.955440896144273
0.951577855475892
0.96287108887404
0.935299883570259
0.947300792730587
0.950822471720001
0.920594607149671
0.948469426087767
0.946758769173128
0.948431958923374
0.948469426087767
0.950943918490008
0.916248213340092
0.950786626650399
0.958288553430776
0.946987038318902
0.952329864590458
0.947495770160781
0.921662397350414
0.951918785333102
0.947419776818357
0.938579111391706
0.959759752845298
0.952403788565618
0.95405429093289
0.912338385670323
0.94925496183638
0.932685766605972
0.953520126801852
0.947202508166596
0.952867535794414
0.948427833516349
0.955174503970508
0.948431958923374
0.932110347839748
0.930398141701696
0.935159331719886
0.901958771281259
0.95296917753162
0.937948284329263
0.948469426087767
0.959640348800521
0.875040355698391
0.94925496183638
0.890197690949846
0.897519690508649
0.957785075514899
0.934801906063677
0.911021640444204
0.928087276198355
0.956936482588227
0.947337647298165
0.940903232360498
0.950822471720001
0.930605500197661
0.946586528338882
0.956994584680214
0.960178679136296
0.941650984949061
0.934863803683496
0.935249040948199
0.969527299849281
0.883521347481038
0.93317987391094
0.954121941318116
0.947272217084502
0.940903232360498
0.945808226006304
0.943789144921428
0.955460617205931
0.959640348800521
0.932203969620739
0.928821448643356
0.949297771666671
0.936179906095487
0.95147598916247
0.951577855475892
0.928404832582197
0.950943918490008
0.909738973854015
0.959375924920916
0.894324180631925
0.933461217988413
0.924776912666357
0.956170933391147
0.955340630244056
0.939948585293533
0.91473609158676
0.95405429093289
0.928536624131741
0.89603857711436
0.932251703095103
0.947337647298165
0.958288553430776
0.95405429093289
0.950786626650399
0.948181305017559
0.906670637004011
0.953795875141109
0.931737341909441
0.843140112081691
0.929653596794961
0.951577855475892
0.950786626650399
0.956872794845081
0.95021645505108
0.950786626650399
0.961290983520621
0.954644067540052
0.933963581856163
0.929372839777533
0.932685766605972
0.944086680400297
0.9380833770732
0.9380833770732
0.952287969133658
0.950546821170674
0.946987038318902
0.937558929479018
0.950786626650399
0.935346241531011
0.945175000995225
0.909278251065406
0.953189547753145
0.912214216916382
0.9157515210157
0.95405429093289
0.954583010855898
0.901958771281259
0.959640348800521
0.955127101815353
0.93317781190067
0.934899918580357
0.949771184509753
0.924500384597768
0.95021645505108
0.928013039792441
0.951577855475892
0.932810248168194
0.961373953510546
0.952867535794414
0.926405371211649
0.948540739253223
0.944988372671925
0.949519935157324
0.961884790884508
0.946500441244436
0.875154552586069
0.951848050194718
0.937558929479018
0.953520126801852
0.953897600012657
0.946500441244436
0.939839033681447
0.951613153574482
0.935299883570259
0.874510744374863
0.952926508297636
0.922153565342396
0.948177160654058
0.901958771281259
0.907139476900761
0.940350166209102
0.958584291122571
0.868062646331788
0.950786626650399
0.947337647298165
0.955592344990093
0.953520126801852
0.95405429093289
0.955522842527505
0.954369980268249
0.951577855475892
0.947300792730587
0.880526266424407
0.946812923091641
0.937618384311427
0.894806446530115
0.946047897109861
0.929859237551223
0.933758723327729
0.948431958923374
0.948431958923374
0.951848050194718
0.95241971090127
0.945944063674417
0.952552904362385
0.943581222353403
0.897519690508649
0.939062898749592
0.927400786565395
0.876716518112729
0.928409855750586
0.953480125404481
0.9572939415388
0.951577855475892
0.946998990617634
0.900384904214211
0.9011384739788
0.95405429093289
0.903966935609889
0.880313792111446
0.924711796228485
0.934801906063677
0.945704769959792
0.899177925337726
0.952926508297636
0.958288553430776
0.950252693682133
0.943789144921428
0.860687012308669
0.951582232434336
0.955440896144273
0.935628591610914
0.947202508166596
0.94490539430895
0.950546821170674
0.951577855475892
0.957178121836099
0.907387610428408
0.95914615830413
0.946987038318902
0.941480347615594
0.89020526721374
0.767921507984888
0.942905152844765
0.932909847140007
0.950786626650399
0.939948724663821
0.950786626650399
0.909546352709065
0.939260868908676
0.939530436401818
0.245416445167258
0.959716202721885
0.949611380644765
0.927400786565395
0.959640348800521
0.92836829289783
0.949283319826375
0.921587608585391
0.955473509985661
0.928201958275817
0.951613153574482
0.930472349780742
0.951577855475892
0.95329797871642
0.923496908812174
0.955590808618107
0.951573968888374
0.961881020601963
0.907065847291725
0.950786626650399
0.935299883570259
0.959900262159927
0.94490539430895
0.930796948662721
0.919907294462111
0.947108032695572
0.904490173102201
0.951285637376861
0.943789144921428
0.918629303801231
0.767921507984888
0.225485604083754
0.937558929479018
0.943412089323164
0.949519935157324
0.934973271448702
0.930472349780742
0.943893407213353
0.961345486660262
0.93260063785484
0.949863614745223
0.955956149034598
0.957714019510314
0.713543841721747
0.925405048517848
0.89140858642462
0.934989774565263
0.953314848134877
0.945062651472133
0.939880775369758
0.948427833516349
0.764418597381533
0.932251703095103
0.95405429093289
0.950786626650399
0.948181305017559
0.915100690149319
0.948860504036079
0.902026515915995
0.954653776675855
0.953795875141109
0.907139476900761
0.960710987355338
0.954702250579822
0.937948284329263
0.968930979826928
0.956872794845081
0.949863614745223
0.950786626650399
0.953829634828472
0.955558276696978
0.952190588810511
0.953399233462956
0.947202508166596
0.933963581856163
0.951613153574482
0.935159331719886
0.954720496571961
0.885440394141389
0.908155323092553
0.95405429093289
0.962861872387957
0.955340630244056
0.956872794845081
0.945704769959792
0.942742796483764
0.957738570266899
0.943789144921428
0.94565655572407
0.956872794845081
0.945199288813062
0.87184589212423
0.913217885011031
0.931737341909441
0.886529484639763
0.899149411166544
0.839145964514125
0.917936785082348
0.948290113433378
0.962884134199533
0.933741881056945
0.954795481617459
0.943583345812638
0.966705382342513
0.939595429422314
0.924162808413933
0.901466423543174
0.954795481617459
0.95405429093289
0.917651705300216
0.958319173931267
0.934601455521869
0.921620104782024
0.941650984949061
0.953829634828472
0.963586433042147
0.95405429093289
0.901405636068256
0.946729755640102
0.924052032282003
0.948469426087767
0.955368693838531
0.926850821332884
0.956170933391147
0.959096471246032
0.948431958923374
0.95905781172594
0.948471905523376
0.893294661144477
0.948181305017559
0.929205247758363
0.953829634828472
0.945269671701316
0.948431958923374
0.958288553430776
0.921022152835614
0.961881020601963
0.943581222353403
0.952554398996758
0.934801906063677
0.8886437398555
0.872810286807843
0.956994584680214
0.951577855475892
0.884766539937013
0.961136225615429
0.948431958923374
0.939948585293533
0.950786626650399
0.953795875141109
0.951080762659975
0.938442096174964
0.953829634828472
0.933049896150401
0.901505686296438
0.95992690294051
0.941317555369059
0.95405429093289
0.947202508166596
0.897519690508649
0.946848173082241
0.950786626650399
0.943581222353403
0.932736857795776
0.900384904214211
0.940903232360498
0.938975861573361
0.950544851541175
0.930483177025293
0.947495770160781
0.907139476900761
0.938503716572496
0.936939706615836
0.959176176054439
0.907139476900761
0.96668440092539
0.948290113433378
0.948431958923374
0.949701499268641
0.858340672833066
0.943581222353403
0.953588525428803
0.967414695820337
0.953795875141109
0.942245287344883
0.956170933391147
0.953795875141109
0.901505686296438
0.953795875141109
0.953795875141109
0.947482981390712
0.947491312479224
0.95405429093289
0.828671548642612
0.964416829704755
0.934801906063677
0.939062898749592
0.870765905090326
0.947463026256376
0.957546709334944
0.965130912193823
0.95405429093289
0.918267446808084
0.95329797871642
0.93478179575417
0.943412089323164
0.911021640444204
0.963084345156147
0.943186839288246
0.938656270464398
0.950786626650399
0.948431958923374
0.94565655572407
0.953520126801852
0.95405429093289
0.952773804247305
0.941043724411095
0.965130912193823
0.916249252931953
0.965600981229559
0.957836097961191
0.950695809731025
0.940898542192469
0.953959604955121
0.884289527522304
0.934801906063677
0.953795875141109
0.905708001563894
0.847402641104357
0.958413043727295
0.941115734384081
0.951613153574482
0.949222692564082
0.926112533492577
0.911021640444204
0.94482753520774
0.961078496355667
0.943789144921428
0.937165796272475
0.885725418853605
0.941027279153606
0.901011312949668
0.914046927562404
0.950546821170674
0.894806446530115
0.913122366713566
0.941115734384081
0.912781935211224
0.960997694249619
0.953795875141109
0.902701839691297
0.911989259873422
0.953829634828472
0.950546821170674
0.968043690296384
0.913363675513314
0.953795875141109
0.951848050194718
0.955558276696978
0.958522934738088
0.961078496355667
0.950786626650399
0.951577855475892
0.950695809731025
0.950695809731025
0.954795481617459
0.860041330190981
0.937242492469138
0.932928813124262
0.951864457408765
0.940022783719013
0.950497553273354
0.960084042888925
0.954720496571961
0.956872794845081
0.947337647298165
0.927822933862438
0.958288553430776
0.954748931395443
0.965062428927813
0.950786626650399
0.948034943430087
0.939056653179111
0.951613153574482
0.931737341909441
0.953940309091408
0.950409042693745
0.950786626650399
0.954795481617459
0.946987038318902
0.949283319826375
0.95329797871642
0.938409986685355
0.941516924291393
0.95405429093289
0.950786626650399
0.948181305017559
0.958895407176308
0.941650984949061
0.928563920487805
0.950786626650399
0.939988096303781
0.940135375676601
0.93411346919532
0.934801906063677
0.907663739217943
0.953795875141109
0.902467741107707
0.938069293168281
0.958522934738088
0.945569164978528
0.940903232360498
0.764418597381533
0.940287526171554
0.931625499021264
0.939195539208977
0.951095666860214
0.953795875141109
0.930241737618346
0.952355755528276
0.947495770160781
0.955558276696978
0.914851484250953
0.895283037734549
0.954837232719041
0.930645543357482
0.931176257106558
0.93183144045745
0.95405429093289
0.955590808618107
0.940327991157761
0.937241138476996
0.961345486660262
0.959176176054439
0.950650921014874
0.96668440092539
0.948431958923374
0.955340630244056
0.939839033681447
0.941650984949061
0.947202508166596
0.943581222353403
0.951577855475892
0.943789144921428
0.956994584680214
0.94482313822475
0.95021645505108
0.881651555172776
0.945339551637445
0.950826150544752
0.95405429093289
0.94679738381327
0.962396415429422
0.920968232798857
0.907663739217943
0.951848050194718
0.946516749191641
0.953795875141109
0.939147558696575
0.961188891151425
0.953959604955121
0.948116284736992
0.890632656907984
0.956256078909463
0.930505863391204
0.951864457408765
0.95021645505108
0.904049142577313
0.950786626650399
0.952136555449322
0.918056534670329
0.937867289037178
0.939239287243648
0.939880775369758
0.938409986685355
0.958413043727295
0.933565835530103
0.958522934738088
0.954795481617459
0.954250514194544
0.872245543668685
0.953795875141109
0.953795875141109
0.95405429093289
0.840000568522393
0.931780705000425
0.937241138476996
0.951904975496857
0.945819171738103
0.91157397263355
0.954922861365302
0.953795875141109
0.930645543357482
0.926003508784416
0.931552103727745
0.709955541046201
0.90956676566669
0.955656301790269
0.955558276696978
0.953795875141109
0.94482753520774
0.943287658839809
0.953010429643052
0.920968232798857
0.927400786565395
0.954513393883043
0.946729755640102
0.950822471720001
0.939618118240714
0.933565835530103
0.927500397814721
0.927594933258561
0.951592694861223
0.948181305017559
0.94482753520774
0.963938655613812
0.87302794613498
0.8336817208877
0.767921507984888
0.947337647298165
0.94925496183638
0.927494725909681
0.957089583974964
0.947878111340306
0.951577855475892
0.955440896144273
0.927895459938852
0.936364074189014
0.950786626650399
0.939530436401818
0.930645543357482
0.939530436401818
0.938442096174964
0.928942072073623
0.960477437936138
0.925040240593319
0.951577855475892
0.956872794845081
0.937137066899946
0.958489761658441
0.953795875141109
0.94702549666426
0.954555010587008
0.885456901707215
0.956469467230109
0.949069740203991
0.934801906063677
0.929102799374545
0.951577855475892
0.932323955817694
0.939195539208977
0.956256078909463
0.960478325971362
0.950786626650399
0.951573968888374
0.958319173931267
0.907786764312089
0.942160990286454
0.934121464838666
0.891608920329106
0.948427833516349
0.691007644219927
0.94575386337521
0.943975139920817
0.946812923091641
0.95021645505108
0.918267446808084
0.9348414573484
0.941392481747153
0.93980944859702
0.904057717533326
0.948181305017559
0.944496956330156
0.931819775787155
0.951577855475892
0.942160256218105
0.924711796228485
0.956872794845081
0.934121464838666
0.939948585293533
0.943893407213353
0.941650984949061
0.952003674396896
0.936139766044059
0.921547299879829
0.957545973933481
0.956403023141671
0.88140190505283
0.943287658839809
0.960090845017473
0.948635380549611
0.956994584680214
0.950786626650399
0.958288553430776
0.939195539208977
0.937978106972846
0.945929650300975
0.951391675801224
0.933876303821706
0.951749047491403
0.943287658839809
0.86684264778914
0.943581222353403
0.935299883570259
0.964270983439468
0.945868314243374
0.95021645505108
0.935299883570259
0.937242492469138
0.743674242235138
0.946022663483955
0.939144840312889
0.956936482588227
0.943893407213353
0.947337647298165
0.946022663483955
0.956872794845081
0.95405429093289
0.945530190408919
0.948177160654058
0.954061436544487
0.940903232360498
0.954121941318116
0.950786626650399
0.947337647298165
0.906640742526896
0.941200125687888
0.93618556328353
0.958288553430776
0.946758769173128
0.959640348800521
0.950037744281127
0.95405429093289
0.950650921014874
0.954555010587008
0.918748814141395
0.955440896144273
0.946312577951673
0.924353274432135
0.941650984949061
0.880315051677938
0.925658221891129
0.920386640402084
0.953795875141109
0.954621083509636
0.957690446390634
0.953795875141109
0.939948585293533
0.950546821170674
0.880381933650004
0.925113653282424
0.957639809119408
0.901672540639537
0.850991346474808
0.948431958923374
0.950822471720001
0.940022783719013
0.950668913357499
0.949519935157324
0.950786626650399
0.951848050194718
0.953795875141109
0.953795875141109
0.956872794845081
0.936081155876354
0.947662873906286
0.968930979826928
0.926606530292104
0.947561033994595
0.939062898749592
0.881618736831614
0.968930979826928
0.951848050194718
0.947467224566307
0.957121466472089
0.907663739217943
0.951982499601361
0.953332084398755
0.943163366773878
0.950786626650399
0.950786626650399
0.951848050194718
0.956872794845081
0.961881020601963
0.923379061577501
0.955440896144273
0.904244389405553
0.958556069618247
0.946247891670137
0.918707634203906
0.953189547753145
0.950786626650399
0.955460226323375
0.951577855475892
0.96668440092539
0.901405636068256
0.911021640444204
0.951285637376861
0.950786626650399
0.958920803381214
0.961078496355667
0.953795875141109
0.947426815372654
0.945124313777462
0.951613153574482
0.942260090692291
0.949537430896405
0.875123181928977
0.953795875141109
0.906232989138291
0.943517267902859
0.94948378911418
0.955340630244056
0.950786626650399
0.958431572499272
0.943186839288246
0.950546821170674
0.948431958923374
0.942739958261945
0.939260868908676
0.904118259521482
0.948181305017559
0.948081804995798
0.944771886445251
0.954121941318116
0.948883956440052
0.950786626650399
0.926078896059394
0.951577855475892
0.916816146796843
0.907663739217943
0.933230603574069
0.958288553430776
0.95021645505108
0.930314788103088
0.929370577929034
0.880315051677938
0.94482753520774
0.930844502418508
0.927400786565395
0.955440896144273
0.954702250579822
0.932685766605972
0.948431958923374
0.925063685010489
0.931643073443385
0.897847932107574
0.943893407213353
0.935159331719886
0.953451006189193
0.954795481617459
0.944475199905993
0.90309192496459
0.954036981750466
0.955593670238279
0.92345932481492
0.952287969133658
0.947259277607505
0.95405429093289
0.958413043727295
0.948181305017559
0.950786626650399
0.949291863011586
0.946987038318902
0.931521069295266
0.9459667205376
0.888973604127529
0.952717136585584
0.950786626650399
0.913534283126476
0.946729755640102
0.953795875141109
0.971065843854426
0.947495770160781
0.920968232798857
0.948431958923374
0.882914913062477
0.950695809731025
0.921522169421912
0.954175134855722
0.84395535486013
0.92146407991759
0.936358946248842
0.95405429093289
0.936281020436125
0.929859237551223
0.950786626650399
0.942394882285206
0.948635380549611
0.937558929479018
0.941027279153606
0.897059899405245
0.950664957596479
0.931737341909441
0.951848050194718
0.947337647298165
0.937328160482667
0.938206846613476
0.900881868519166
0.90732803859394
0.948234341508342
0.953520126801852
0.965062428927813
0.856961541872882
0.950786626650399
0.574658809273247
0.956058655453873
0.954644067540052
0.946076408781629
0.955558276696978
0.858815695944938
0.948431958923374
0.939195539208977
0.955697457283348
0.952554398996758
0.935299883570259
0.955435112135865
0.933445464361046
0.941650984949061
0.954121941318116
0.934288234129077
0.918401414869634
0.930645543357482
0.940903232360498
0.934155989720276
0.946729755640102
0.946575053661058
0.95405429093289
0.947495770160781
0.952322775519441
0.95362242925241
0.948860303963383
0.927400786565395
0.946758769173128
0.939530436401818
0.908942092078978
0.973465967718131
0.924744036576416
0.930694989066076
0.953795875141109
0.945704769959792
0.940903232360498
0.937504189083257
0.950943918490008
0.951848050194718
0.946946280439893
0.946987038318902
0.94482753520774
0.947202508166596
0.952417245293511
0.861988028955409
0.956872794845081
0.758296429434994
0.956876041590832
0.880315051677938
0.932594781311544
0.902762400588406
0.954795481617459
0.889024601984931
0.959809936333412
0.956872794845081
0.960776175445411
0.951573968888374
0.956994584680214
0.956783654197079
0.918542712438543
0.870108488538117
0.950943918490008
0.948938556465855
0.950786626650399
0.776653616546011
0.943789144921428
0.930520274745542
0.95763593124455
0.948431958923374
0.957169987840953
0.930645543357482
0.934801906063677
0.947300792730587
0.893316322893481
0.954781299458608
0.956469467230109
0.925895049089708
0.95405429093289
0.941229312526271
0.915029517751757
0.877347384697221
0.963938655613812
0.947572546640374
0.934892075373377
0.952926508297636
0.949874591143247
0.880435590270866
0.933793084753389
0.889472440672749
0.949185743746805
0.956910320021582
0.950546821170674
0.943939046015112
0.953795875141109
0.950786626650399
0.932203969620739
0.948611265975697
0.929909201629884
0.958730044764454
0.91473609158676
0.946758769173128
0.95405429093289
0.916698289193123
0.959780365046712
0.932717845141623
0.965471188012833
0.926562825219091
0.904866536064768
0.932685766605972
0.953829634828472
0.953294223417453
0.953795875141109
0.928538818393126
0.93644943083408
0.949537430896405
0.927400786565395
0.939260868908676
0.945711072689373
0.948431958923374
0.937558929479018
0.948431958923374
0.950786626650399
0.939901645731505
0.917524444172536
0.934121464838666
0.950786626650399
0.953829634828472
0.947202508166596
0.950786626650399
0.94559769696836
0.930694989066076
0.923655859753594
0.946987038318902
0.956406539913245
0.94478462649941
0.937298001289481
0.953795875141109
0.950037744281127
0.950786626650399
0.951613153574482
0.934848595973512
0.946987038318902
0.950577302353367
0.939260868908676
0.910835245127214
0.94482753520774
0.899609773389403
0.937241138476996
0.918338137736259
0.947337647298165
0.950786626650399
0.943789144921428
0.953795875141109
0.935159331719886
0.943893407213353
0.940818773756671
0.880226534084337
0.972307067957669
0.912932087315747
0.948431958923374
0.944789026372021
0.944681923290522
0.887699657017059
0.937078563952518
0.946987038318902
0.927602665768295
0.958413043727295
0.91984884902323
0.94702549666426
0.929053126082808
0.953189547753145
0.737198317238927
0.954795481617459
0.925895049089708
0.895464064175782
0.956936482588227
0.948469426087767
0.94103030641392
0.947337647298165
0.954922861365302
0.911021640444204
0.946987038318902
0.950015747703687
0.9413987306114
0.953829634828472
0.935369110819805
0.953795875141109
0.961355250818111
0.933094505441148
0.926666090794041
0.951577855475892
0.952554398996758
0.925760054415433
0.950786626650399
0.943581222353403
0.935151628378339
0.943186839288246
0.923355660866449
0.897048432467175
0.947300792730587
0.955558276696978
0.942603162859976
0.928821448643356
0.930314788103088
0.956872794845081
0.953223221730554
0.948116284736992
0.950786626650399
0.901958771281259
0.929964123713845
0.907584186873039
0.939530436401818
0.929591044192441
0.939062898749592
0.924276138844628
0.947164477132179
0.918242764970262
0.95067576766601
0.952393500743469
0.95021645505108
0.764418597381533
0.899568063989274
0.950786626650399
0.953795875141109
0.950786626650399
0.961255507500766
0.954702250579822
0.919147449492433
0.907800937230431
0.88759356349893
0.953795875141109
0.937097199674766
0.834212663784832
0.935549096772188
0.956170933391147
0.921333451535231
0.926504165091631
0.933085878106832
0.943517267902859
0.958288553430776
0.964335920731936
0.906670637004011
0.953795875141109
0.943893407213353
0.954809381762035
0.928013039792441
0.950786626650399
0.954795481617459
0.929523708800147
0.949297771666671
0.953795875141109
0.942081951151684
0.922440526569262
0.95738207652089
0.948431958923374
0.901958771281259
0.907663739217943
0.948469426087767
0.940903232360498
0.937364194812056
0.95405429093289
0.951613153574482
0.956872794845081
0.93129106600547
0.966197191746963
0.953795875141109
0.9052501018639
0.942975297749909
0.959718592692082
0.95405429093289
0.936082533187847
0.954121941318116
0.929540870500369
0.955473509985661
0.953070660535271
0.951613153574482
0.964383965214517
0.922636603188919
0.897519690508649
0.930844502418508
0.9531893637814
0.937241138476996
0.934801906063677
0.937109659932803
0.892007134436403
0.950786626650399
0.939880775369758
0.953795875141109
0.948181305017559
0.919907294462111
0.950786626650399
0.95763593124455
0.930314788103088
0.949014033124628
0.961087748974465
0.929859237551223
0.943893407213353
0.858815695944938
0.829445100070883
0.92501427074638
0.955558276696978
0.952464735910936
0.950943918490008
0.948431958923374
0.930645543357482
0.950943918490008
0.953795875141109
0.950822471720001
0.95405429093289
0.943688924712424
0.948431958923374
0.943852557336659
0.964367476461646
0.92858965082507
0.952688915978662
0.921384186035505
0.950786626650399
0.941974529586392
0.890766531397719
0.939486340211952
0.949801007259498
0.958288553430776
0.91831295502545
0.950786626650399
0.960354877488727
0.934277988707029
0.947607000308303
0.95405429093289
0.953416983170147
0.95405429093289
0.938101568560034
0.924052032282003
0.935159331719886
0.934121464838666
0.722586894696026
0.909424482367473
0.958556069618247
0.943287658839809
0.952926508297636
0.900924898103356
0.907663739217943
0.938882467990351
0.855774576607076
0.949079620204456
0.950786626650399
0.907933055198707
0.941812286407927
0.924598950673254
0.947337647298165
0.964416829704755
0.957729576377127
0.958522934738088
0.937109659932803
0.935765741640464
0.901958771281259
0.950822471720001
0.948427833516349
0.908698675521756
0.950786626650399
0.95021645505108
0.95763593124455
0.956994584680214
0.958522934738088
0.949565639420236
0.929795120668097
0.953524479720685
0.947300792730587
0.950546821170674
0.945987226365191
0.953795875141109
0.955558276696978
0.95405429093289
0.965130912193823
0.904125571079143
0.950653503467813
0.956493045504315
0.909424482367473
0.955558276696978
0.952287969133658
0.958288553430776
0.937724758764544
0.947337647298165
0.959780365046712
0.952287969133658
0.950822471720001
0.972307067957669
0.839171274314754
0.944305670799041
0.956994584680214
0.934614891870611
0.934865214617085
0.94482753520774
0.956872794845081
0.950786626650399
0.968930979826928
0.953795875141109
0.951653297211853
0.940294979651459
0.942120144941194
0.920278372458694
0.953829634828472
0.959417456031967
0.943789144921428
0.942119216256152
0.939948585293533
0.953795875141109
0.944614082328606
0.964092575437504
0.958288553430776
0.95914615830413
0.935961436745264
0.950786626650399
0.951848050194718
0.950822471720001
0.937165796272475
0.950786626650399
0.951392607240523
0.939948585293533
0.946247891670137
0.958522934738088
0.954795481617459
0.935369110819805
0.953795875141109
0.933758723327729
0.958288553430776
0.947337647298165
0.935346241531011
0.833527481242208
0.947366415587507
0.953795875141109
0.902026515915995
0.908155323092553
0.949025012165575
0.860863583130288
0.939948585293533
0.951053357880456
0.950546821170674
0.937496323009326
0.93059168862955
0.950822471720001
0.918789237369576
0.952645829132482
0.951577855475892
0.950546821170674
0.959375924920916
0.905136373008373
0.948927757846897
0.95021645505108
0.946236257396179
0.939988096303781
0.907663739217943
0.939774031470036
0.961078496355667
0.883852988647869
0.935200389714314
0.950786626650399
0.956872794845081
0.9531893637814
0.953795875141109
0.948431958923374
0.945226584348543
0.919854774573322
0.929476447394829
0.950786626650399
0.942081951151684
0.921162614498847
0.880226534084337
0.904816762678495
0.863946783483811
0.936081155876354
0.885680239433261
0.937241138476996
0.937902244754542
0.935299883570259
0.946987038318902
0.952867535794414
0.950786626650399
0.95405429093289
0.948431958923374
0.934801906063677
0.953829634828472
0.808259536910121
0.952138526702775
0.953520126801852
0.953829634828472
0.913706303633307
0.908155323092553
0.933628823329134
0.955340630244056
0.956920646966695
0.92858965082507
0.946496170034285
0.950493851145341
0.962645342238401
0.964230990809357
0.956872794845081
0.954922861365302
0.947337647298165
0.950786626650399
0.940121460455146
0.950786626650399
0.934574292785514
0.943957291831526
0.954795481617459
0.939530436401818
0.955656301790269
0.950566472286318
0.897519690508649
0.948431958923374
0.956891046931321
0.918338137736259
0.935159331719886
0.910313676360267
0.933565835530103
0.937934358242264
0.93051729287548
0.928996924920267
0.935346241531011
0.94482753520774
0.897622815541746
0.907727945104198
0.964416829704755
0.929011551436939
0.953795875141109
0.939530436401818
0.887709256766456
0.934989774565263
0.948431958923374
0.949064406443002
0.954795481617459
0.94482313822475
0.970193138979913
0.946216077579178
0.970381291647301
0.932962012547589
0.957690446390634
0.887353031182502
0.949556653886439
0.958522934738088
0.945350953857084
0.960353133076247
0.963129521625137
0.960354877488727
0.950786626650399
0.931737341909441
0.952305871233532
0.947337647298165
0.935299883570259
0.955460617205931
0.92952923404263
0.940591898751865
0.942057551910951
0.958584291122571
0.947495770160781
0.950786626650399
0.96688046247874
0.956182639111243
0.909272792985389
0.95021645505108
0.94744825197311
0.95763593124455
0.949061776262736
0.947337647298165
0.959179256792299
0.972307067957669
0.955558276696978
0.950668913357499
0.930314788103088
0.919151129008289
0.925412922009557
0.955590808618107
0.950943918490008
0.923391323515453
0.89003507867579
0.950747584056934
0.95405429093289
0.907975171258242
0.930741035052526
0.949771184509753
0.928438794666285
0.933178251045193
0.946169738257613
0.893920908173285
0.959375924920916
0.90178715644019
0.931565721510252
0.961078496355667
0.913248285237891
0.950830094049556
0.953189547753145
0.968933518850806
0.950252693682133
0.950786626650399
0.947108032695572
0.957178121836099
0.958288553430776
0.955340630244056
0.950786626650399
0.920542748073672
0.922446560791707
0.953829634828472
0.949185743746805
0.94409273978811
0.945996811564676
0.950668913357499
0.950786626650399
0.954121941318116
0.858544799710814
0.950786626650399
0.969527299849281
0.950822471720001
0.943536951696558
0.951577855475892
0.958288553430776
0.937242492469138
0.953944014952657
0.931589488685401
0.925844363048491
0.862712335511306
0.953959604955121
0.91465382086786
0.952287969133658
0.96230058631961
0.947478696598516
0.934121464838666
0.943581222353403
0.909087689829888
0.961078496355667
0.927055769775026
0.934818664883721
0.958288553430776
0.935932264019608
0.918267446808084
0.950546821170674
0.950786626650399
0.943581222353403
0.958556069618247
0.950786626650399
0.958413043727295
0.947300792730587
0.911021640444204
0.94482313822475
0.903160839484249
0.952287969133658
0.956835548196637
0.959096471246032
0.951613153574482
0.95021645505108
0.947240818907591
0.894806446530115
0.939948585293533
0.949164735392493
0.95021645505108
0.941650984949061
0.896233039647763
0.940903232360498
0.940328422928993
0.935498225881942
0.950493851145341
0.956473901936249
0.901958771281259
0.95473046032585
0.960337233539418
0.932110347839748
0.953829634828472
0.95405429093289
0.951918785333102
0.949863614745223
0.939948585293533
0.935628591610914
0.904721342268049
0.947300792730587
0.944789026372021
0.92723696341358
0.952074192434234
0.950786626650399
0.930694989066076
0.941650984949061
0.911977275001846
0.964593588145742
0.95763593124455
0.921439677179746
0.944337644973155
0.959291737943902
0.935159331719886
0.922866360832011
0.939239287243648
0.956023805831171
0.950450022520897
0.950822471720001
0.934519140425761
0.95405429093289
0.94283265005222
0.958288553430776
0.93995416390295
0.948431958923374
0.954922861365302
0.95021645505108
0.924301441711798
0.933181387610717
0.940903232360498
0.950546821170674
0.911021640444204
0.955558276696978
0.935779594813221
0.950786626650399
0.88508200090114
0.922881201212413
0.955340630244056
0.954121941318116
0.917801012258786
0.94482753520774
0.953795875141109
0.894378552416982
0.921022152835614
0.955586209882457
0.950899922573376
0.924605430434464
0.951243667712537
0.947495770160781
0.946526148098196
0.924655092172215
0.934989774565263
0.941027279153606
0.94482753520774
0.870069629064253
0.946729755640102
0.906067786217516
0.948121790977304
0.940905405806077
0.950546821170674
0.946987038318902
0.903262506577526
0.953520126801852
0.961618110094262
0.935299883570259
0.95552629344411
0.950546821170674
0.947202508166596
0.94702549666426
0.929476447394829
0.951592694861223
0.94482753520774
0.950695809731025
0.951848050194718
0.934899918580357
0.94482753520774
0.936179906095487
0.948181305017559
0.96626876406956
0.930645543357482
0.931841481084133
0.955447851701592
0.876418989940454
0.947142185645763
0.937558929479018
0.901505686296438
0.877932156756315
0.953795875141109
0.968930979826928
0.950786626650399
0.935299883570259
0.94648488402167
0.940903232360498
0.913198668417532
0.949107849746639
0.925492367233764
0.93888730775814
0.901900101345301
0.939948585293533
0.903371355128222
0.937033882693936
0.948431958923374
0.941114062793532
0.965377799200123
0.947300792730587
0.952287969133658
0.952341756310047
0.947337647298165
0.950668913357499
0.949771184509753
0.951799976761618
0.943748801191352
0.952926508297636
0.965852848275557
0.903455317254582
0.956800939625232
0.941268033531017
0.948843560503845
0.944738003173892
0.963938655613812
0.920968232798857
0.926003508784416
0.867057443517366
0.963742903554366
0.951848050194718
0.932110347839748
0.953829634828472
0.931968316140487
0.806257470527415
0.947753668353612
0.926448085690586
0.937241138476996
0.870164545826854
0.892873200553223
0.901958942374489
0.926383126264805
0.943975139920817
0.958326948007494
0.947202508166596
0.930645543357482
0.955558276696978
0.947463026256376
0.948181305017559
0.948431958923374
0.962647718281699
0.958326948007494
0.948181305017559
0.952554398996758
0.961078496355667
0.875154552586069
0.921022152835614
0.956469467230109
0.948431958923374
0.864678522169987
0.872330913451605
0.951577855475892
0.94494297692564
0.943893407213353
0.952426972644125
0.890216575701973
0.958604277116403
0.955558276696978
0.932685766605972
0.957690446390634
0.909424482367473
0.910289382037088
0.951095666860214
0.930447494101201
0.934801906063677
0.94478462649941
0.95405429093289
0.938069293168281
0.950786626650399
0.937100380984191
0.934055217788636
0.95914615830413
0.946987038318902
0.955500149548976
0.888003501624508
0.953795875141109
0.953795875141109
0.938631567239183
0.950493851145341
0.953795875141109
0.953795875141109
0.947377838489292
0.951823956740921
0.941093132887066
0.939948585293533
0.934960839240167
0.95405429093289
0.937192659342192
0.904224906957933
0.950668913357499
0.927494725909681
0.96046772517722
0.939147558696575
0.946987038318902
0.95405429093289
0.949257354247965
0.900881868519166
0.948431958923374
0.937104688816396
0.954795481617459
0.918128463929334
0.905305784710235
0.944055601988142
0.900475938631512
0.939948585293533
0.909355754172648
0.905708001563894
0.953520126801852
0.950786626650399
0.913534283126476
0.926405371211649
0.94482753520774
0.959780365046712
0.934949661106033
0.955590808618107
0.96046772517722
0.949714600755336
0.95021645505108
0.939195539208977
0.957178121836099
0.951577855475892
0.947300792730587
0.92073175431875
0.951848050194718
0.956994584680214
0.907663739217943
0.901958771281259
0.95405429093289
0.968930979826928
0.948431958923374
0.948431958923374
0.950786626650399
0.867057443517366
0.934801906063677
0.949298742459198
0.972307067957669
0.927055769775026
0.911977275001846
0.872899284193591
0.95405429093289
0.95147598916247
0.888830386435238
0.901582464540518
0.915180434731773
0.963938655613812
0.959780365046712
0.946987038318902
0.953897600012657
0.960384220518872
0.906067786217516
0.953897600012657
0.95405429093289
0.95914615830413
0.950668913357499
0.947202508166596
0.949863614745223
0.950786626650399
0.953795875141109
0.955340630244056
0.95405429093289
0.929438870920813
0.921929626464611
0.956170933391147
0.962310719481439
0.904499967149941
0.932717845141623
0.930663291304389
0.963586433042147
0.923936565485638
0.931415949198332
0.953709406915472
0.953840630729575
0.956872794845081
0.95678229789979
0.947202508166596
0.949863614745223
0.927500397814721
0.948544856118586
0.955558276696978
0.95405429093289
0.954146793570827
0.951848050194718
0.950650921014874
0.88007036922305
0.950786626650399
0.953959604955121
0.95021645505108
0.943186839288246
0.917452579543385
0.890190607514053
0.889093665195619
0.911021640444204
0.956936482588227
0.946729755640102
0.935346241531011
0.930844502418508
0.910509938101013
0.952926508297636
0.935628591610914
0.966709072125571
0.945775672657481
0.925109648834652
0.795272606166032
0.950786626650399
0.948431958923374
0.925895049089708
0.955440896144273
0.836120300170999
0.930314788103088
0.945485918836323
0.949283319826375
0.952584208181213
0.958288553430776
0.927400786565395
0.877970407181932
0.94208450339604
0.957690446390634
0.944789026372021
0.955558276696978
0.956678626218935
0.911786551058438
0.954795481617459
0.947337647298165
0.950786626650399
0.958326948007494
0.962884134199533
0.891592189471757
0.900374776118679
0.950546821170674
0.88759356349893
0.953783478429784
0.956469467230109
0.929540870500369
0.95577950738613
0.966197191746963
0.901958942374489
0.880315051677938
0.953829634828472
0.950786626650399
0.935299883570259
0.861321695556799
0.924218902075383
0.937558929479018
0.947202508166596
0.951609269676078
0.956182639111243
0.933758723327729
0.949025012165575
0.944982412829527
0.907663739217943
0.950822471720001
0.869358789098564
0.935249190474069
0.929540870500369
0.866660004143059
0.917763506834085
0.477204593534935
0.939195539208977
0.876500806759178
0.955593670238279
0.950822471720001
0.903455317254582
0.78370651350347
0.953833099619004
0.962474432921515
0.966482868895275
0.925895049089708
0.887837414790814
0.948427833516349
0.942081951151684
0.948431958923374
0.926574857367162
0.945187870962125
0.929540870500369
0.655012346749605
0.936668071616619
0.961078496355667
0.953416983170147
0.956936482588227
0.953189547753145
0.927450573531863
0.879456878317325
0.95914615830413
0.958288553430776
0.943893407213353
0.956872794845081
0.958413043727295
0.939147558696575
0.955593670238279
0.950786626650399
0.910544990372443
0.88688361196768
0.932110347839748
0.88093313595295
0.953829634828472
0.963586433042147
0.934989774565263
0.9459667205376
0.943287658839809
0.937150913927972
0.935346241531011
0.950493851145341
0.929209177252463
0.928013039792441
0.970381291647301
0.941650984949061
0.952403788565618
0.957615001244307
0.901958771281259
0.909272792985389
0.933662393931681
0.953795875141109
0.899900261417107
0.939062898749592
0.944681923290522
0.951573968888374
0.936115773473037
0.942160256218105
0.954716682756705
0.912919149033347
0.91780418004955
0.957024400488825
0.947317947471279
0.955558276696978
0.951613153574482
0.950786626650399
0.938563156349403
0.928853613091645
0.957040657458105
0.947337647298165
0.942742796483764
0.959780365046712
0.951848050194718
0.913774228516101
0.892572206239102
0.95478153681682
0.960626086661031
0.932907948458332
0.937104834345294
0.954644067540052
0.941229312526271
0.96688046247874
0.950786626650399
0.957690446390634
0.935346241531011
0.880315051677938
0.947467224566307
0.925658221891129
0.950822471720001
0.940903232360498
0.884021086876491
0.921022152835614
0.951126989692583
0.899002951059399
0.925412922009557
0.944456769981274
0.929859237551223
0.92403886479566
0.944035412444187
0.899224765785671
0.933518537714841
0.868827679634304
0.948427833516349
0.95405429093289
0.956936482588227
0.950786626650399
0.93888730775814
0.938742610049152
0.913663588083325
0.950786626650399
0.947485705663817
0.958522934738088
0.859612164448978
0.951577855475892
0.950786626650399
0.950786626650399
0.959941599835005
0.942286975960334
0.941027279153606
0.946841441126488
0.947495770160781
0.941027279153606
0.945556157352913
0.938069293168281
0.954922861365302
0.932110347839748
0.92969140575031
0.956872794845081
0.234088033103695
0.927621470159132
0.929372839777533
0.951982499601361
0.958319173931267
0.953795875141109
0.941057596204496
0.948431958923374
0.89863567838689
0.947495770160781
0.95405429093289
0.956642653534033
0.960340460006111
0.949222692564082
0.948938556465855
0.900485250848521
0.963249274918393
0.951391675801224
0.942735404992438
0.943151476164971
0.952360135235693
0.954644067540052
0.956617839718995
0.952926508297636
0.923220525197354
0.943581222353403
0.925658221891129
0.950786626650399
0.952456776040934
0.952926508297636
0.953829634828472
0.853301936275473
0.948427833516349
0.948427833516349
0.941027279153606
0.943370707157809
0.924720831221687
0.950786626650399
0.942034750462456
0.949863614745223
0.950786626650399
0.947357189062119
0.933565835530103
0.94679738381327
0.94382978557901
0.950943918490008
0.93183144045745
0.948531691815266
0.937902244754542
0.955340630244056
0.918847083152627
0.926003508784416
0.953795875141109
0.94382978557901
0.934801906063677
0.963084345156147
0.947202508166596
0.956872794845081
0.935299883570259
0.935159331719886
0.940572972304459
0.950015747703687
0.954795481617459
0.958288553430776
0.870975080529856
0.952287969133658
0.954795481617459
0.95021645505108
0.918799017846126
0.938268967759878
0.947495770160781
0.924353274432135
0.881271855630363
0.959716202721885
0.852598955389559
0.950546821170674
0.950786626650399
0.954919230544132
0.929540870500369
0.945044159958546
0.887324258931931
0.930645543357482
0.913767430146189
0.947300792730587
0.937504189083257
0.943186839288246
0.928489692768519
0.952287969133658
0.926061809785237
0.950107683490706
